1000 45.00 78.00
1001 50.81 77.83
1002 56.45 77.31
1003 61.78 76.46
1004 66.64 75.28
1005 70.91 73.79
1006 74.45 72.00
1007 77.18 69.95
1008 79.02 67.65
1009 79.91 65.13
1010 79.84 62.42
1011 78.80 59.56
1012 76.83 56.59
1013 73.97 53.53
1014 70.31 50.43
1015 65.95 47.32
1016 61.00 44.25
1017 55.62 41.24
1018 49.94 38.35
1019 44.12 35.60
1020 38.33 33.02
1021 32.72 30.66
1022 27.46 28.53
1023 22.67 26.67
1024 18.51 25.10
1025 15.08 23.83
1026 12.48 22.89
1027 10.79 22.28
1028 10.04 22.01
1029 10.26 22.09
1030 11.44 22.51
1031 13.55 23.27
1032 16.53 24.37
1033 20.31 25.77
1034 24.76 27.48
1035 29.78 29.46
1036 35.22 31.70
1037 40.93 34.16
1038 46.75 36.82
1039 52.53 39.64
1040 58.10 42.59
1041 63.30 45.63
1042 67.99 48.72
1043 72.05 51.83
1044 75.36 54.92
1045 77.83 57.94
1046 79.39 60.87
1047 79.99 63.66
1048 79.63 66.29
1049 78.30 68.72
1050 76.06 70.91
1051 72.95 72.85
1052 69.06 74.50
1053 64.51 75.85
1054 59.42 76.88
1055 53.93 77.59
1056 48.20 77.95
1057 42.37 77.96
1058 36.62 77.64
1059 31.10 76.97
